D: [0.7292001247406006, -2.826552152633667, 0.000509547651745379, -0.0001749787770677358, 1.5794306993484497, 0.6089710593223572, -2.66420316696167, 1.514512538909912]
K: [964.3839721679688, 0.0, 1036.046875, 0.0, 964.080810546875, 789.5423583984375, 0.0, 0.0, 1.0]
